116974
116972
116971
116970
116969
116968
116967
116966
116962
116957
116950
116944
116940
116895
116878
116619
116534
116533
116532
116527
116519
116459
116458
116457
116456
116455
116454
116453
116452
116451
116449
116445
116436
116431
116426
116419
116413
116406
116401
116387
115899
115614
115323
115229
115123
115042
115040
114831
114348
114207
113904
113902
113787
113795
113786
113587
113549
113548
113387
113346
113336
113250
113249
113248
113247
113246
113244
113245
113243
113242
113240
113236
113231
113227
113222
113218
113214
113208
113202
113023
113024
113025
113026
113027
113028
113177
113030
113021
113009
113005
113001
112997
112992
112870
112869
112868
112867
112863
112859
112817
112814
112716
112513
112491
112485
112481
112477
112472
112464
112455
112448
112442
112335
112003
112001
111981
111978
111977
111907
111906
111905
111904
111903
111902
111901
111900
111895
111891
111886
111883
111881
111851
111849
111844
111842
111749
111746
111745
111705
111701
111698
111690
111689
111688
111687
111681
111667
111646
111643
111639
111633
111623
111617
111597
111582
111524
111510
111507
111284
111149
111139
111124
111058
110865
110705
110676
110674
110675
110673
110672
110671
110670
110669
110668
110667
110666
110665
110664
110663
110662
110661
110657
110652
110644
110632
110623
110620
110616
110613
110607
110602
110593
110581
110573
110569
110126
110100
110067
110053
110052
110051
110050
110049
110048
110047
110046
110045
110044
110043
110021
110016
110010
110002
109997
109994
109989
109982
109981
109980
109979
109457
109327
108809
108313
108312
108296
107595
107528
107527
107526
107402
107354
106728
106720
106721
106718
106719
106716
106717
106715
106714
106702
106696
106690
106683
106677
106672
106666
106657
106473
106444
106443
106442
106441
106440
106438
106439
106437
106436
106435
106433
106426
106421
106416
106410
106401
106396
106389
106386
106377
106163
106032
106020
106014
105974
105959
105948
105944
105945
105942
105943
105940
105941
105939
105938
105937
105934
105929
105930
105927
105924
105918
105912
105904
105897
105890
105880
105869
105870
105858
105850
104786
104251
104196
104195
104194
104193
104192
104191
104190
104189
104188
104187
104186
104185
104164
104146
104144
104145
104143
104142
104141
104140
104139
104137
104138
104136
104135
104132
104130
104128
104126
104124
104122
104120
104118
104116
104114
104112
104110
104108
104106
104103
104101
104099
104097
104095
104093
104091
104089
104086
104084
103777
103494
103335
103281
103133
102983
102440
102015
101660
101054
101048
101047
100693
100692
100459
100160
100159
100158
100137
100124
100123
100122
100121
100120
100119
100118
100117
100115
100106
100100
100085
100077
100067
100058
100044
99807
99813
99593
99071
99008
99005
98963
98945
98906
98898
98874
98863
98857
98489
98473
98472
98470
98471
98469
98468
98457
98451
98446
98439
98436
98427
98381
98369
98368
98367
98366
98365
98364
98363
98362
98361
98360
98355
98350
98346
98342
98337
98333
98330
98277
97528
97527
97526
97525
97524
97523
97522
97521
97520
97519
97516
97508
97502
97495
97490
97476
97468
97191
96825
96826
96827
96828
96829
96831
96832
96833
96834
96856
96867
96868
96869
96866
96861
96855
96824
96816
96809
96802
96790
96793
96780
96773
96767
96760
96540
96538
96537
96536
96535
96533
96534
96532
96531
96530
96529
96528
96527
96526
96525
96503
96497
96492
96488
96482
96479
96474
96470
96466
96462
96458
96452
96447
96438
96214
96100
96090
95829
95369
95350
94904
94905
94906
94907
94908
94909
94910
94911
94912
94913
94914
94518
94517
94512
94510
94209
94162
93886
93887
93888
93889
93890
93891
93892
93893
93894
93895
93896
93920
93884
93877
93866
93855
93847
93817
93804
93799
93772
93768
93756
93743
93599
93576
93290
93235
93197
93193
93160
93158
93161
93162
93166
93167
93120
93057
92694
92452
92451
92449
92447
92445
92438
92372
92169
91952
91932
91488
91431
91432
91433
91434
91435
91436
91437
91438
91430
91427
91425
91421
91418
91416
91410
91406
91402
90229
90230
90231
90232
90245
90249
91175
91171
90749
90750
90751
90752
90753
90754
90756
90755
90757
90758
90961
90963
91041
90888
90292
90293
90295
90298
90299
90300
90301
90302
90303
90305
90307
90308
90309
90313
90315
90316
90759
90748
90745
90742
90739
90737
90734
90732
90729
90726
90723
89888
89885
89884
89883
89881
89876
89873
89853
89633
89630
89627
89622
89359
89296
89174
89134
88950
88910
88648
88646
88618
88527
88270
88252
87827
87826
87823
87806
87238
87212
87139
87128
86920
86664
86458
86216
86214
86213
86209
86204
86200
86196
86190
86188
86184
86182
86180
86178
86177
86176
86143
86142
86140
86060
86057
86054
86051
86050
86049
86048
86046
86043
86042
86040
86037
85941
85939
85938
85858
85854
85853
85818
85815
85814
85812
85811
85772
85769
85767
85745
85740
85738
85735
85734
85672
85671
85660
85659
85657
85652
85553
85552
85519
85515
85457
85456
85454
85141
84274
84256
84249
84218
84070
84015
84016
84045
84046
84047
84049
84050
84052
84058
84059
84014
83940
83947
83985
83987
83988
83989
83991
83993
83994
83995
83997
83998
83949
83645
83571
83570
83569
83567
83565
83564
83562
83561
83560
83399
83373
83361
83359
83297
83195
68070
68073
82959
82956
82487
82855
82854
82853
82852
82846
82845
82844
82842
82488
82715
82706
82693
82670
82669
82486
82420
82297
82214
81909
81973
81972
81969
81968
81966
81965
81962
81961
81914
81913
81726
81675
81369
81188
81178
80993
80926
80588
80573
80531
80424
80423
80411
80390
80267
79843
79646
79636
79586
79567
79559
79381
79020
79018
78991
78983
78959
78738
78655
78646
78634
78632
78433
78432
78431
78420
78399
78286
78031
78030
78029
78028
77990
77988
77937
77936
77935
77932
77930
77893
77873
77869
77864
77863
77860
77856
77651
77646
77645
77644
77643
77639
77637
77591
77560
77403
77354
77300
77287
77262
77151
76883
76728
76683
76628
76479
76376
76230
76072
76070
75984
75943
75573
75563
75393
75390
75386
75385
75226
75225
75224
75223
75221
75220
75216
75214
75212
75199
75160
75142
74963
74856
74711
74701
74642
74062
73926
73925
73924
73921
73920
73918
73912
73911
73910
73909
73858
73799
73485
73310
73308
73210
73206
73204
73202
73196
73193
73013
73008
72885
72880
72879
72874
72868
72863
72860
72857
72854
72847
72841
72824
72823
72754
72711
72655
72625
72512
72504
72493
72370
72369
72368
72367
72365
72364
72363
72362
72361
72349
72327
72285
72284
72283
72282
72281
72280
72278
72277
72276
72221
71892
71779
71800
71154
71152
71150
71143
71137
71133
71130
70976
70939
70866
70865
70864
70854
70839
70826
70819
70815
70808
70806
70793
70788
70783
70779
70761
70485
70424
70224
70087
69637
69550
69541
69519
69462
69187
69183
69177
69147
69135
69131
69112
69100
69096
68444
68341
68177
68173
68171
68165
68160
68157
68156
68147
68124
68085
68083
68082
68080
68079
68078
68077
68076
68075
68068
68067
68047
68046
67434
67707
67670
67302
67288
67271
67204
66943
66940
66862
66237
66184
66142
66100
66168
66093
66049
65903
65738
65504
65476
65312
65271
65260
65213
65157
65154
65149
65144
65138
65133
65129
65123
65119
65114
65098
65095
64962
64958
64955
64951
64947
64942
64939
64935
64933
64929
64924
64908
64907
64889
64887
64882
64878
64876
64873
64870
64867
64864
64859
64854
64849
64844
64825
64819
64683
64681
64665
64571
64387
64409
64337
64335
64334
64332
64331
64330
64329
64328
64327
64326
64322
64321
64232
64313
64234
64233
64143
64087
63841
63784
63655
63648
63641
63633
63608
63603
63588
63597
63590
63589
63537
63513
63534
63527
63521
63511
63338
63109
62917
62696
62660
62590
62586
62246
62343
62109
61687
61467
61442
61370
61365
61355
61213
60952
60950
60949
60944
60938
60911
60937
60915
60914
60856
60854
60853
60852
60812
60844
60818
60814
60577
60549
60548
60261
60015
60013
60012
59999
59981
59845
59725
59716
59712
59707
59697
59694
59490
59113
59111
58827
58828
58711
58515
58483
58467
58410
58408
58396
58391
58387
58381
58376
58372
58366
58362
58356
58350
58348
58323
58314
58310
58303
58298
58280
58272
58267
58262
58257
58254
58206
58174
58170
58166
58163
58157
58152
58149
58109
58144
58139
58122
58117
58112
57998
57347
57257
57182
57044
57035
56962
56828
56773
56770
56768
56767
56766
56765
56761
56760
56758
56658
56657
56656
56503
56368
56362
56359
56075
56042
55592
55551
55540
55278
55057
55026
55022
55019
55014
55003
55001
54996
54846
54842
54826
54819
54809
54805
54777
54762
54737
54733
54730
54725
54720
54716
54713
54710
54706
54702
54698
54694
54690
54674
54668
54664
54659
54655
54650
54523
54522
54474
54464
54436
54433
54430
54420
54416
54410
54408
54394
54391
54386
54384
54376
54374
54358
54354
54348
54344
54337
54334
54331
54326
54321
54314
54310
54301
54296
54295
54294
54288
54284
54212
54169
54165
54160
54157
54154
54150
54147
54143
54136
54132
54123
54121
54119
54117
54115
54113
54111
54103
54100
54046
54043
54040
54021
54018
54014
54011
54008
54004
53998
53995
53986
53980
53976
53959
53957
53953
53949
53906
53745
53697
53694
53692
53689
53685
53682
53678
53676
53673
53620
53613
53589
52619
52594
52580
52570
52434
52026
52024
52017
51877
51750
51714
51679
51585
51571
51565
51188
51148
51146
51144
51142
51140
51138
51123
51098
51094
51090
50921
50907
50618
50570
50571
50564
50533
50526
50528
50495
50486
10057
40383
50357
50355
50352
50349
50347
50344
50340
50338
50335
50332
50328
50324
50322
50320
50318
50315
50313
50303
50298
50296
50289
50286
50284
50218
50091
49565
49563
49450
49405
49391
49387
49389
49390
49372
49381
49369
49370
49134
49136
49137
49133
49122
49116
49117
49093
49083
49074
49070
49068
48938
48909
48910
48703
48710
48755
48757
48750
48752
48759
48762
48733
48582
48525
48519
48509
48464
48305
47881
47871
47865
47851
47826
47877
47875
47873
47867
47849
47711
47705
47589
47271
47167
46694
46689
46447
46385
46022
45583
45329
45318
45091
44976
44958
44929
44622
44517
44519
44427
43616
43609
43572
43500
43499
43467
43384
43300
43298
43296
43294
43291
43288
43286
43281
43278
43276
43273
43256
43267
43265
43260
43204
43018
40769
40750
40641
40226
40568
40539
40391
40384
40293
40260
40071
40067
39605
39430
39428
39426
39424
39422
39420
39396
39416
39414
39410
39405
39403
39400
39099
39047
38970
38869
38867
38865
38863
38861
38858
38856
38853
38715
38805
38803
38799
38795
38794
38719
38768
38766
38733
38708
38698
38694
38692
38688
38681
38679
38516
38585
38583
38579
38575
38570
38566
38554
38562
38558
38548
38339
38322
37629
37882
37844
37749
37746
37741
37721
37718
37703
37701
37698
37696
37693
37690
37686
37684
37681
37678
37675
37638
37636
37609
37607
37605
37603
37601
37599
37597
37594
37592
37588
37586
37581
37574
37572
37558
37396
36854
36804
36802
36798
36750
36603
35910
35907
35894
35458
35288
35248
35187
35168
35162
35154
35151
35148
35146
35144
35134
35119
35117
35110
35106
34932
34926
34754
34369
34192
34152
34150
34148
34145
34142
34140
34137
34065
34063
34057
34053
34051
34047
34044
34041
34034
34018
34015
34012
34007
34004
33999
33996
33993
33987
33983
33979
33975
33972
33863
33856
33853
33850
33848
33775
33714
33680
33677
33672
33670
33667
33665
33608
33603
33599
33594
33518
33466
33465
33463
33462
33433
33198
33194
33190
33178
33174
33163
33092
33050
32957
32943
32942
32941
32933
32932
32914
32913
32912
32900
32791
32790
32788
32787
32786
32784
32781
32780
32779
32753
32748
32743
32742
32736
32734
32728
32725
32724
32713
32712
32711
32621
32680
32619
32618
32617
32615
32612
32609
32594
32575
32574
32571
32567
32501
32452
32451
32450
32449
32448
32420
32419
32418
32417
32416
32415
32405
32404
32403
32402
32400
32399
32396
32395
32394
32392
32378
32307
32283
32218
32202
31929
31927
31813
31800
31796
31795
31794
31786
31771
31769
31767
31766
31765
31764
31763
31762
31761
31758
31678
31671
31650
31648
31641
31640
31498
31465
31464
31368
31226
31133
30830
30804
30679
30678
30677
30675
30674
30673
30671
30670
30668
29472
29425
28663
28662
28660
28554
28553
28552
28551
28550
28549
28548
28547
28515
28511
28510
28509
28508
28506
28471
27599
27597
27596
27587
27430
27416
27199
27203
27043
26957
26865
26877
26847
26846
26844
26843
26841
26840
26839
26838
26836
26835
26834
26833
26831
26786
26744
26743
26742
26741
26740
26736
26728
26725
26723
26722
26719
26717
26714
26589
24964
24681
24677
24660
24658
24657
24656
24655
24636
24635
24634
24633
24632
24630
24629
24627
24624
24585
24514
24513
24512
24510
24507
24505
24504
24500
24498
24492
24487
24102
24094
24093
24092
23816
23815
23814
23813
23812
23807
23746
23671
23582
23570
23562
23490
23407
18858
18713
16083
15554
15536
15527
14757
14699
13865
13348
13220
13112
12846
12632
12497
12517
12557
12552
12547
12536
12532
12530
12520
12378
12357
12317
11760
11755
11727
11718
11714
11709
11706
11695
11631
11627
11623
11619
11615
11607
11600
11595
11592
11586
11358
11350
11344
11340
11332
11286
11150
11143
11138
11133
11128
11122
10971
10789
10786
10746
10707
9883
10119
9887
9377
9204
9164
9156
8984
8867
8852
8850
8847
8676
8673
8671
8669
8666
8664
8662
8658
8427
8080
7942
8066
8063
8060
8015
8012
8009
8006
8003
8001
7999
7997
7995
7993
7991
7986
7941
7855
7380
7377
7375
7373
7371
7369
7367
7365
7362
7358
7307
7305
7303
7300
7298
7296
7294
7292
7290
7226
7252
7230
7195
7145
7143
7141
7139
7137
7135
7132
7130
7128
7125
7122
7017
6975
6971
6969
6967
6965
6960
6957
6955
6838
6725
6332
6197
5613
5390
5054
4886
4803
4766
4521
4439
4352
4040
4033
4031
4026
4024
4021
4011
3736
3733
3730
3712
3709
3706
3703
3700
3697
3694
3689
3686
3661
3524
2796
2709
2628
2600
1897
